-5.69755569805105
-6.36334357252009
-6.06938865179319
-10.3871386535483
-7.99612278005782
-5.21465985493343
-6.16672122625914
-5.93648344022558
-7.0405799000715
-5.7320161865528
-14.4070769045457
-5.63183301174172
-6.55647059460987
-9.8226622205859
-5.93475650140583
-6.21020094057015
-10.8263820884729
-6.68974652237746
-6.73569000273797
-8.53641055661831
-6.56507765768748
-5.95317487956469
-4.25641143746284
-9.59249811727531
-6.06068027497149
-7.36894925759829
-8.42406512734604
-7.69580581671898
-7.42083110491363
-12.1401588546422
-7.85076749089238
-6.48207176767014
-8.70233714100456
-7.13496516561842
-5.53335835506964
-7.10732263157702
-6.210643036908
-7.09493242119162
-5.51981915472284
-6.05939773507469
-7.01598138352304
-7.83609541867983
-5.4007893209256
-11.3602180216029
-6.95274779169924
-7.34660036668569
-8.98261010110889
-7.62368194385112
-10.7841112313358
-5.80598903525032
-12.9840010291823
-6.86434924739411
-10.5021205427521
-8.91220856189059
-11.1413596110989
-8.76983281783549
-7.15840317928
-7.37220281033469
-4.90144841507382
-6.27813641115385
-5.93976922915328
-6.42449793000492
-4.97333972684728
-3.59944016131487
-8.32375991552503
-6.23694776901037
-5.1882768349379
-13.1981460480009
-5.30303997855782
-8.34519698274081
-6.91720508820378
-8.60258685219096
-6.30858349383851
-9.38323918402401
-5.90604556788129
-5.96492036612405
-5.94233661153197
-6.95187971711918
-5.84320571810839
-8.40236786801476
-5.69623631679276
-7.26793484956864
-8.89651644448184
-7.76456791535106
-8.65725022229864
-5.21003165889651
-5.53270672348833
-6.19430619567321
-5.05669100462857
-11.2522475040073
-6.26928527405638
-6.0719168902253
-6.58557757277041
-11.2958285320624
-9.57083769930552
-7.9067318215776
-5.61047883758929
-9.82778086724763
-6.25293691989612
-6.01486573937619
-6.75505013819987
-5.99209317280647
-4.61370586892782
-6.12177016007371
-6.80922075509764
-7.16092911512702
-12.3594225201225
-10.6161353462167
-5.40673459563571
-6.91163283227874
-6.23774216086745
-8.03260724085631
-8.18236277013446
-5.70729793557951
-6.68088617493962
-6.79187077642193
-8.97689738749317
-5.05943798864452
-7.36330562153536
-5.2551922603254
-7.05439080545928
-7.37009133980441
-5.13872290115158
-5.31735054491078
-7.73186429927526
-6.15774114439647
-8.5493303615751
-7.12082499056234
-5.554933577391
-6.33310832766399
-5.48225017634555
-7.7903868019988
-6.31242190318853
-7.31296880881742
-12.2729489369551
-10.9045686678906
-5.17872801455726
-8.74346591593562
-7.71070354227065
-6.1123088379266
-10.8955724679323
-4.47837833784237
-5.10649592019003
-5.20518011210557
-5.79286430022026
-5.63113763104363
-5.30387581694658
-5.18933602408068
-5.33560543952803
-11.489346993618
-10.9828565610524
-4.94870436893734
-5.91112046542625
-8.49903729797393
-6.5613912189536
-7.13499970439481
-7.97554687966682
-5.89826283026697
-5.81770919337366
-8.21220427293966
-7.04930900015904
-5.42331090572018
-8.22896939500175
-9.93490863869918
-6.87857231551353
-7.2437922448686
-7.54760913754879
-9.26545504876209
-6.60728404244207
-9.89242133856325
-8.00569923145958
-7.31750259886552
-8.81687923645555
-8.08959391932282
-8.67978332001868
-6.53630455436543
-5.25985729772381
-7.26294975284231
-7.88576217913571
-6.21650311596967
-4.38702787944802
-6.98021302668847
-8.28638435429556
-4.8645794225648
-9.27692422511029
-6.28523988616573
-5.72244894549141
-6.14953933629522
-7.78558130690972
-7.14638598767967
-6.11998105145646
-5.99321222916167
-10.2815973632258
-7.51240030889182
-7.39608752550431
-6.37580055787319
-8.57479695270362
-7.31554309895138
-7.02917289352081
-6.90424383671532
-9.24892709296458
-5.1513710010674
-6.6148319163769
-7.02080529929287
-7.72928079880093
-7.09593404570708
-5.19765526402167
-5.07721164297734
-5.39732393036065
-7.22507222806255
-9.99008778786769
-6.88910894489907
-6.2175139508255
-8.21854789487086
-9.18676420320902
-6.64329186812631
-5.74306859499917
-12.4901909327239
-6.79715751179545
-7.4945253408149
-6.27216811059281
-5.27253763383093
-7.934077322142
-6.20302148025019
-10.807070307298
-12.7584536089831
-7.40970731632938
-8.50777100323165
-6.39993625481795
-6.93348206222616
-10.7435581026779
-5.76244024338653
-4.31465993256031
-5.90383278360692
-8.63723845525543
-8.74537475897771
-10.0659142175651
-8.34694464482639
-8.37715686383157
-7.91397114910998
-7.5658778476766
-15.004878651559
-8.71187444845974
-9.14210096016021
-9.13207089949513
-6.81243746647256
-10.6718325770312
-7.61814883187266
-7.7665251126801
-7.79534657028911
-6.88650702374399
-7.56171937899866
-8.28221667527724
-7.61460745599964
-7.31741740321708
-9.53192170864883
-7.31321748800746
-7.20904853840041
-7.22055916128029
-7.47560039393558
-11.7124882123949
-6.97522792996214
-6.64013041879363
-7.23174511966205
-12.1879121668858
-7.54253424000383
-4.64585916716639
-9.74745979144872
-5.48031600486743
-6.79132966892508
-7.67866997845692
-7.48585610793978
-7.12038059163939
-5.55770588984296
-9.45658803216134
-6.62004957419762
-5.20911983519969
-6.26890534751603
-7.08573359374511
-7.98875450776024
-6.53588548387851
-6.88317978828461
-8.93464034586654
-7.69252463296146
-4.82872126491161
-8.05414101664599
-6.38212806170874
-7.32962110420995
-8.16674663803377
-6.03952872830724
-8.85435380884403
-8.91446970045191
-9.49630532243039
-6.06514959263699
-8.85009863159217
-7.4336242676903
-5.92831386831563
-9.51714602010708
-8.77698464713433
-7.24736125176274
-9.61091419284908
-11.1490226142884
-6.79562399012351
-10.683838255706
-6.68152629359547
-5.0890239045044
-6.37646600496506
-6.48464145263392
-7.67998705713011
-5.28686892344972
-5.43224723846609
-3.43974437219027
-8.89571053969929
-5.34010699338484
-5.79991251318991
-8.83763013331361
-8.32547073624913
-11.0025943204696
-7.7306024826443
-5.9295411461702
-8.43165675039764
-5.50892562464788
-5.61931155400602
-7.16607539280986
-8.54291996467621
-6.58636045170203
-7.33609827607654
-6.8658620458002
-8.09720166047007
-6.50945180701093
-5.13011583807397
-6.16643110053743
-12.2848533018859
-7.18579473154626
-7.42444155833944
-7.15581046846529
-7.4143332097812
-13.1261741457492
-8.42810616418425
-13.0853539172206
-5.83270593008433
-5.33318312001021
-11.8345044990578
-6.70852410381083
-7.57678519326212
-5.59945406016404
-5.8097767877283
-6.53099479314099
-11.1586842613386
-6.71937388476902
-8.21567657125989
-7.28050926676148
-9.97868538648718
-7.91253433601195
-13.7652428227991
-7.80344706464626
-6.74328853354485
-5.7035539322183
-5.75779362666887
-8.83060264360979
-4.94324724226694
-10.8866568584522
-5.73932689422305
-10.426501345713
-4.07456938491382
-5.17706094294993
-5.30992010281569
-5.54240751448511
-5.13863770550314
-4.97320847949698
-4.13867105131768
-5.9537620387634
-5.42474771881821
-5.49631206350846
-7.74552093146181
-7.08960884445662
-6.15591289183263
-7.15651966467393
-6.00164199318712
-7.19900005705458
-4.33661277883692
-5.89827204060734
-5.7191976953401
-12.6933134767023
-5.03176552099691
-5.17841025781442
-3.82976544558197
-5.75956661719047
-5.82744912831703
-9.60391893933656
-5.90917017585248
-4.37212324614107
-5.1089389629737
-5.36571404220402
-5.85987182901148
-6.7836965993418
-8.05457850781366
-4.64085334717422
-7.78159553211375
-8.7429455317046
-6.62934741280313
-7.05451975022449
-10.3458141588843
-6.28767602119412
-7.79783796735973
-8.43280113518886
-8.66780987753511
-6.40447695262134
-6.01812389728277
-6.20030442984046
-4.66083057544104
-6.16507487791765
-5.66631882867949
-9.77482141010877
-4.66235949194279
-13.9063176062767
-5.08268719032848
-6.4873101487567
-5.63737303147546
-8.50162310103336
-11.1723685245462
-6.90769771435481
-7.01118279618924
-8.37944333082891
-7.48862381522156
-8.12196135797504
-5.07833530450272
-11.8975170427127
-7.06502184083363
-7.05407074613135
-6.8191264761677
-10.0194825891648
-6.25978941313287
-9.26955825539781
-5.50946442955964
